0.4844458769324599, 0.8747726151409376, -0.009223021339280917, -0.9144126230158124, -0.8748212344948766, 0.48441895320835937, -0.0051073916412815445, 0.404783343122394, 0.0, 0.010542749736300476, 0.9999444236696347, 0.0, 0.0, 0.0, 0.0, 1.0
0.06483953909105515, -0.9978831979773576, -0.004995734674820125, -0.9144126230158124, 0.9978957030524079, 0.06483872655794164, 0.00032460419735821564, 0.404783343122394, 0.0, -0.0050062693521366495, 0.9999874685550684, 0.0, 0.0, 0.0, 0.0, 1.0
0.8623173217045491, 0.5062773283501077, -0.009597056161673967, -0.9144126230158124, -0.5063682816767784, 0.86216243319377, -0.016343258582822, 0.404783343122394, 0.0, 0.018952719806806337, 0.9998203810744831, 0.0, 0.0, 0.0, 0.0, 1.0
0.10333328784192196, -0.9946327669126138, 0.005281155890182686, -0.9144126230158124, 0.9946467873691537, 0.10333183126468298, -0.0005486562754419983, 0.404783343122394, 0.0, 0.0053095791966024175, 0.9999859040850301, 0.0, 0.0, 0.0, 0.0, 1.0
0.3542463140806294, 0.9351509587058856, -0.0014944536631146638, -0.9144126230158124, -0.9351521528394661, 0.3542458617291932, -0.0005661161128862258, 0.404783343122394, 0.0, 0.001598086106712103, 0.9999987230595825, 0.0, 0.0, 0.0, 0.0, 1.0
