0.6543424574102522, 0.7561169375944431, -0.01109617560753363, -0.9144126230158124, -0.7561983525704828, 0.6542720085983621, -0.009601579784204181, 0.404783343122394, 0.0, 0.01467363102526647, 0.9998923364805504, 0.0, 0.0, 0.0, 0.0, 1.0
0.037330385965778645, 0.9993012711868273, -0.0018470755363641808, -0.9144126230158124, -0.9993029782221436, 0.037330322197043235, -6.900013727878087e-05, 0.404783343122394, 0.0, 0.0018483638862462977, 0.999998291774013, 0.0, 0.0, 0.0, 0.0, 1.0
0.9588365411768767, 0.2839025933761884, -0.005639572522654612, -0.9144126230158124, -0.2839586013910543, 0.9586474201888555, -0.01904301607645774, 0.404783343122394, 0.0, 0.01986054479430282, 0.9998027599284138, 0.0, 0.0, 0.0, 0.0, 1.0
0.10599368657924887, -0.9943520256007413, 0.005421032101215137, -0.9144126230158124, 0.9943668027470245, 0.10599211142186496, -0.0005778503223205715, 0.404783343122394, 0.0, 0.005451742844028044, 0.9999851391395587, 0.0, 0.0, 0.0, 0.0, 1.0
0.22042895686179922, 0.9754027745589848, -0.0007087732030421007, -0.9144126230158124, -0.9754030320728038, 0.22042889866687812, -0.0001601739308377557, 0.404783343122394, 0.0, 0.0007266465037902384, 0.9999997359923944, 0.0, 0.0, 0.0, 0.0, 1.0
0.008064593969191066, 0.9999674418801394, -0.00027839504658674013, -0.9144126230158124, -0.9999674806333014, 0.008064593656652387, -2.245216026759382e-06, 0.404783343122394, 0.0, 0.00027840410011176203, 0.9999999612455778, 0.0, 0.0, 0.0, 0.0, 1.0
0.15959464090814218, 0.986149016678371, -0.04516267815003692, 0.006331573653584022, -0.9871492847920625, 0.15904611737380747, -0.015511998028510604, 0.0010236397262243643, -0.008114192992566292, 0.04705793719023099, 0.9988592045025563, 0.7338508284062778, 0.0, 0.0, 0.0, 1.0
